0 90.0 tensor([11.9071,  5.7852, 15.3494, 10.3560, 13.4695, 11.6624, 10.9469, 14.3577,
        12.9316, 10.5835], device='cuda:0', grad_fn=<NegBackward>)
1 100.0 tensor([15.1493,  9.2828, 20.3107, 12.2236, 17.2983, 15.5115, 15.4225, 19.8067,
        18.0004, 14.0229], device='cuda:0', grad_fn=<NegBackward>)
2 100.0 tensor([17.9073, 12.5592, 24.2870, 14.0428, 19.8052, 19.1127, 18.8833, 23.7553,
        22.0006, 16.7224], device='cuda:0', grad_fn=<NegBackward>)
3 100.0 tensor([20.2493, 15.7413, 26.8876, 15.8762, 22.0027, 21.9954, 21.6533, 26.4128,
        24.9635, 18.9605], device='cuda:0', grad_fn=<NegBackward>)
4 100.0 tensor([22.2102, 19.0419, 28.6487, 17.6114, 23.7012, 24.1715, 23.5737, 28.3469,
        27.1072, 20.8277], device='cuda:0', grad_fn=<NegBackward>)
5 100.0 tensor([24.0049, 21.7238, 29.9771, 19.1240, 25.1780, 25.8455, 25.0447, 29.8540,
        28.7230, 22.4173], device='cuda:0', grad_fn=<NegBackward>)
6 100.0 tensor([25.3803, 23.9925, 31.0598, 20.2460, 26.4367, 27.2389, 26.2093, 30.9694,
        30.1658, 23.7622], device='cuda:0', grad_fn=<NegBackward>)
7 100.0 tensor([26.5742, 25.9891, 31.9473, 21.2869, 27.6229, 28.3848, 27.2432, 31.8690,
        31.3894, 24.9325], device='cuda:0', grad_fn=<NegBackward>)
8 100.0 tensor([27.5474, 27.7477, 32.6942, 22.1888, 28.5507, 29.2765, 28.1201, 32.6640,
        32.4028, 26.0122], device='cuda:0', grad_fn=<NegBackward>)
9 100.0 tensor([28.3599, 29.2957, 33.3709, 23.0173, 29.4425, 30.0089, 28.8377, 33.3977,
        33.2894, 26.9789], device='cuda:0', grad_fn=<NegBackward>)
10 100.0 tensor([29.1016, 30.5509, 33.9495, 23.7314, 30.1603, 30.6651, 29.4271, 34.0762,
        34.1059, 27.8944], device='cuda:0', grad_fn=<NegBackward>)
11 100.0 tensor([29.7859, 31.6956, 34.4561, 24.3376, 30.8365, 31.2626, 29.9265, 34.6692,
        34.7984, 28.6974], device='cuda:0', grad_fn=<NegBackward>)
12 100.0 tensor([30.4154, 32.7594, 34.9013, 24.9005, 31.3870, 31.8037, 30.3779, 35.2329,
        35.4259, 29.3925], device='cuda:0', grad_fn=<NegBackward>)
13 100.0 tensor([30.9898, 33.7330, 35.2982, 25.4186, 31.8784, 32.2937, 30.8203, 35.7171,
        35.9633, 30.0243], device='cuda:0', grad_fn=<NegBackward>)
14 100.0 tensor([31.5345, 34.6341, 35.6904, 25.8906, 32.3296, 32.7533, 31.2071, 36.1546,
        36.4805, 30.5266], device='cuda:0', grad_fn=<NegBackward>)
15 100.0 tensor([32.0249, 35.4509, 36.0446, 26.3269, 32.7518, 33.1854, 31.5578, 36.5711,
        36.9424, 30.9780], device='cuda:0', grad_fn=<NegBackward>)
16 100.0 tensor([32.4623, 36.1807, 36.3481, 26.7397, 33.1197, 33.5757, 31.9124, 36.9552,
        37.3620, 31.4031], device='cuda:0', grad_fn=<NegBackward>)
17 100.0 tensor([32.8578, 36.8652, 36.6455, 27.1332, 33.4509, 33.9453, 32.2388, 37.3007,
        37.7792, 31.7902], device='cuda:0', grad_fn=<NegBackward>)
18 100.0 tensor([33.2373, 37.4718, 36.9087, 27.4996, 33.7474, 34.2896, 32.5759, 37.6324,
        38.1388, 32.1337], device='cuda:0', grad_fn=<NegBackward>)
19 100.0 tensor([33.5853, 38.0406, 37.1691, 27.8489, 34.0564, 34.6090, 32.8430, 37.9467,
        38.4639, 32.4472], device='cuda:0', grad_fn=<NegBackward>)
20 100.0 tensor([33.8925, 38.5597, 37.4161, 28.1723, 34.3224, 34.9156, 33.1704, 38.2366,
        38.7965, 32.7460], device='cuda:0', grad_fn=<NegBackward>)
21 100.0 tensor([34.1948, 39.0178, 37.6391, 28.4661, 34.6041, 35.2089, 33.4300, 38.5038,
        39.0908, 33.0478], device='cuda:0', grad_fn=<NegBackward>)
22 100.0 tensor([34.4618, 39.4410, 37.8574, 28.7499, 34.8382, 35.4708, 33.6997, 38.7680,
        39.3590, 33.3066], device='cuda:0', grad_fn=<NegBackward>)
23 100.0 tensor([34.7135, 39.8522, 38.0492, 29.0100, 35.0896, 35.7273, 33.9472, 39.0127,
        39.6093, 33.5708], device='cuda:0', grad_fn=<NegBackward>)
24 100.0 tensor([34.9339, 40.2212, 38.2292, 29.2580, 35.2905, 35.9592, 34.1727, 39.2520,
        39.8352, 33.8314], device='cuda:0', grad_fn=<NegBackward>)
25 100.0 tensor([35.1430, 40.5630, 38.4061, 29.4859, 35.5574, 36.1796, 34.4061, 39.4714,
        40.0578, 34.0549], device='cuda:0', grad_fn=<NegBackward>)
26 100.0 tensor([35.3659, 40.8959, 38.5751, 29.7199, 35.7708, 36.3937, 34.6112, 39.6903,
        40.2684, 34.2976], device='cuda:0', grad_fn=<NegBackward>)
27 100.0 tensor([35.5668, 41.2082, 38.7381, 29.9303, 35.9315, 36.5905, 34.8016, 39.8914,
        40.4406, 34.5196], device='cuda:0', grad_fn=<NegBackward>)
28 100.0 tensor([35.7680, 41.5167, 38.8801, 30.1326, 36.1304, 36.7865, 34.9677, 40.0841,
        40.6204, 34.7379], device='cuda:0', grad_fn=<NegBackward>)
29 100.0 tensor([35.9441, 41.8110, 39.0228, 30.3285, 36.3122, 36.9803, 35.1717, 40.2735,
        40.7776, 34.9389], device='cuda:0', grad_fn=<NegBackward>)
30 100.0 tensor([36.1195, 42.0996, 39.1596, 30.5308, 36.4621, 37.1663, 35.3462, 40.4579,
        40.9371, 35.1285], device='cuda:0', grad_fn=<NegBackward>)
31 100.0 tensor([36.3175, 42.3777, 39.2993, 30.7148, 36.6573, 37.3512, 35.5285, 40.6249,
        41.0984, 35.3298], device='cuda:0', grad_fn=<NegBackward>)
32 100.0 tensor([36.4931, 42.6385, 39.4256, 30.8913, 36.8096, 37.5181, 35.6360, 40.7998,
        41.2482, 35.5123], device='cuda:0', grad_fn=<NegBackward>)
33 100.0 tensor([36.6690, 42.8901, 39.5419, 31.0370, 36.9563, 37.6926, 35.8277, 40.9557,
        41.3986, 35.6954], device='cuda:0', grad_fn=<NegBackward>)
34 100.0 tensor([36.8227, 43.1296, 39.6692, 31.2036, 37.0860, 37.8433, 35.9714, 41.1291,
        41.5320, 35.8746], device='cuda:0', grad_fn=<NegBackward>)
35 100.0 tensor([37.0018, 43.3562, 39.7929, 31.3567, 37.2352, 37.9945, 36.1174, 41.2815,
        41.6734, 36.0292], device='cuda:0', grad_fn=<NegBackward>)
36 100.0 tensor([37.1458, 43.5750, 39.9101, 31.4969, 37.3467, 38.1379, 36.2374, 41.4321,
        41.7965, 36.2022], device='cuda:0', grad_fn=<NegBackward>)
37 100.0 tensor([37.3075, 43.7889, 40.0178, 31.6338, 37.4956, 38.2737, 36.3958, 41.5728,
        41.9264, 36.3628], device='cuda:0', grad_fn=<NegBackward>)
38 100.0 tensor([37.4446, 43.9892, 40.1354, 31.7567, 37.5622, 38.4103, 36.5253, 41.7090,
        42.0571, 36.5145], device='cuda:0', grad_fn=<NegBackward>)
39 100.0 tensor([37.5886, 44.1717, 40.2342, 31.8830, 37.7158, 38.5347, 36.6362, 41.8347,
        42.1765, 36.6620], device='cuda:0', grad_fn=<NegBackward>)
40 100.0 tensor([37.7372, 44.3527, 40.3419, 32.0216, 37.8385, 38.6587, 36.7673, 41.9704,
        42.2910, 36.8155], device='cuda:0', grad_fn=<NegBackward>)
41 100.0 tensor([37.8827, 44.5299, 40.4352, 32.1304, 37.9165, 38.7802, 36.8579, 42.0925,
        42.3825, 36.9515], device='cuda:0', grad_fn=<NegBackward>)
42 100.0 tensor([37.9961, 44.7034, 40.5383, 32.2586, 38.0307, 38.8944, 36.9948, 42.2187,
        42.5014, 37.0705], device='cuda:0', grad_fn=<NegBackward>)
43 100.0 tensor([38.1267, 44.8607, 40.6217, 32.3747, 38.1252, 39.0064, 37.0912, 42.3440,
        42.5934, 37.1988], device='cuda:0', grad_fn=<NegBackward>)
44 100.0 tensor([38.2466, 45.0129, 40.7159, 32.4772, 38.2624, 39.1119, 37.1985, 42.4682,
        42.6931, 37.3415], device='cuda:0', grad_fn=<NegBackward>)
45 100.0 tensor([38.3369, 45.1304, 40.7971, 32.5775, 38.3444, 39.2197, 37.2971, 42.5896,
        42.7767, 37.4648], device='cuda:0', grad_fn=<NegBackward>)
46 100.0 tensor([38.4348, 45.2962, 40.8830, 32.6910, 38.4171, 39.3199, 37.3943, 42.7058,
        42.8695, 37.5949], device='cuda:0', grad_fn=<NegBackward>)
47 100.0 tensor([38.5574, 45.4295, 40.9608, 32.7921, 38.5454, 39.4213, 37.4892, 42.8135,
        42.9639, 37.7138], device='cuda:0', grad_fn=<NegBackward>)
48 100.0 tensor([38.6521, 45.5629, 41.0320, 32.8852, 38.6239, 39.5167, 37.6024, 42.9319,
        43.0522, 37.8256], device='cuda:0', grad_fn=<NegBackward>)
49 100.0 tensor([38.7745, 45.6901, 41.0982, 32.9882, 38.6711, 39.6148, 37.6840, 43.0304,
        43.1328, 37.9417], device='cuda:0', grad_fn=<NegBackward>)
50 100.0 tensor([38.8777, 45.8122, 41.1875, 33.0963, 38.7774, 39.6988, 37.7866, 43.1271,
        43.1755, 38.0416], device='cuda:0', grad_fn=<NegBackward>)
51 100.0 tensor([38.9608, 45.9273, 41.2604, 33.1944, 38.8519, 39.7875, 37.8665, 43.2297,
        43.2405, 38.1547], device='cuda:0', grad_fn=<NegBackward>)
52 100.0 tensor([39.0663, 46.0459, 41.3212, 33.2699, 38.9241, 39.8659, 37.9186, 43.3185,
        43.3423, 38.2527], device='cuda:0', grad_fn=<NegBackward>)
53 100.0 tensor([39.1713, 46.1575, 41.3943, 33.3802, 38.9961, 39.9444, 38.0276, 43.4201,
        43.4149, 38.3451], device='cuda:0', grad_fn=<NegBackward>)
54 100.0 tensor([39.2543, 46.2726, 41.4645, 33.4660, 39.0891, 40.0263, 38.1152, 43.5101,
        43.4793, 38.4408], device='cuda:0', grad_fn=<NegBackward>)
55 100.0 tensor([39.3553, 46.3767, 41.5344, 33.5483, 39.1550, 40.1036, 38.2031, 43.6019,
        43.5376, 38.5509], device='cuda:0', grad_fn=<NegBackward>)
56 100.0 tensor([39.4304, 46.4824, 41.5867, 33.6488, 39.2383, 40.1787, 38.2823, 43.6834,
        43.6159, 38.6575], device='cuda:0', grad_fn=<NegBackward>)
57 100.0 tensor([39.5031, 46.5844, 41.6578, 33.7138, 39.3378, 40.2559, 38.3255, 43.7705,
        43.6788, 38.7470], device='cuda:0', grad_fn=<NegBackward>)
58 100.0 tensor([39.5724, 46.6910, 41.7073, 33.8079, 39.3997, 40.3305, 38.4334, 43.8398,
        43.7194, 38.8285], device='cuda:0', grad_fn=<NegBackward>)
59 100.0 tensor([39.6529, 46.7793, 41.7628, 33.8895, 39.4373, 40.4034, 38.4940, 43.9403,
        43.7798, 38.9324], device='cuda:0', grad_fn=<NegBackward>)
60 100.0 tensor([39.7158, 46.8654, 41.8229, 33.9651, 39.5474, 40.4717, 38.6003, 44.0209,
        43.8112, 39.0222], device='cuda:0', grad_fn=<NegBackward>)
61 100.0 tensor([39.7994, 46.9496, 41.8681, 34.0563, 39.6309, 40.5405, 38.6760, 44.1002,
        43.8985, 39.0922], device='cuda:0', grad_fn=<NegBackward>)
62 100.0 tensor([39.8868, 47.0462, 41.9246, 34.1429, 39.6760, 40.6074, 38.7626, 44.1775,
        43.9549, 39.1743], device='cuda:0', grad_fn=<NegBackward>)
63 100.0 tensor([39.9608, 47.1271, 41.9667, 34.2170, 39.7520, 40.6675, 38.7939, 44.2488,
        44.0088, 39.2886], device='cuda:0', grad_fn=<NegBackward>)
64 100.0 tensor([40.0266, 47.2110, 42.0303, 34.3016, 39.8309, 40.7273, 38.9153, 44.3281,
        44.0646, 39.3686], device='cuda:0', grad_fn=<NegBackward>)
65 100.0 tensor([40.0903, 47.3025, 42.0699, 34.3668, 39.8772, 40.7897, 38.9878, 44.4071,
        44.1223, 39.4537], device='cuda:0', grad_fn=<NegBackward>)
66 100.0 tensor([40.1559, 47.3714, 42.1151, 34.4552, 39.9722, 40.8491, 39.0256, 44.4597,
        44.1648, 39.5127], device='cuda:0', grad_fn=<NegBackward>)
67 100.0 tensor([40.2208, 47.4474, 42.1681, 34.5291, 40.0056, 40.9002, 39.1346, 44.5324,
        44.2159, 39.6145], device='cuda:0', grad_fn=<NegBackward>)
68 100.0 tensor([40.2993, 47.5249, 42.2225, 34.5949, 40.0909, 40.9589, 39.1960, 44.6105,
        44.2720, 39.6944], device='cuda:0', grad_fn=<NegBackward>)
69 100.0 tensor([40.3318, 47.5970, 42.2649, 34.6740, 40.1644, 41.0036, 39.2409, 44.6711,
        44.3292, 39.7707], device='cuda:0', grad_fn=<NegBackward>)
70 100.0 tensor([40.4078, 47.6638, 42.2963, 34.7343, 40.1759, 41.0672, 39.3144, 44.7361,
        44.3641, 39.8357], device='cuda:0', grad_fn=<NegBackward>)
71 100.0 tensor([40.4662, 47.7219, 42.3451, 34.8079, 40.2326, 41.1192, 39.3636, 44.8152,
        44.4166, 39.9200], device='cuda:0', grad_fn=<NegBackward>)
72 100.0 tensor([40.5080, 47.7977, 42.3910, 34.8786, 40.3314, 41.1660, 39.4597, 44.8679,
        44.4581, 39.9976], device='cuda:0', grad_fn=<NegBackward>)
73 100.0 tensor([40.5637, 47.8633, 42.4221, 34.9424, 40.4177, 41.2234, 39.5112, 44.9252,
        44.4965, 40.0639], device='cuda:0', grad_fn=<NegBackward>)
74 100.0 tensor([40.6444, 47.9185, 42.4652, 35.0089, 40.4502, 41.2671, 39.5485, 44.9865,
        44.5449, 40.1315], device='cuda:0', grad_fn=<NegBackward>)
75 100.0 tensor([40.6825, 47.9746, 42.5180, 35.0643, 40.5220, 41.3145, 39.6152, 45.0497,
        44.5880, 40.2077], device='cuda:0', grad_fn=<NegBackward>)
76 100.0 tensor([40.7379, 48.0488, 42.5634, 35.1328, 40.5934, 41.3636, 39.6925, 45.1162,
        44.6246, 40.2715], device='cuda:0', grad_fn=<NegBackward>)
77 100.0 tensor([40.7819, 48.1165, 42.6038, 35.1981, 40.6451, 41.4078, 39.7447, 45.1862,
        44.6681, 40.3455], device='cuda:0', grad_fn=<NegBackward>)
78 100.0 tensor([40.8300, 48.1611, 42.6516, 35.2494, 40.7090, 41.4517, 39.7783, 45.2488,
        44.7023, 40.4225], device='cuda:0', grad_fn=<NegBackward>)
79 100.0 tensor([40.8955, 48.2178, 42.6917, 35.3142, 40.7447, 41.4905, 39.8714, 45.3002,
        44.7429, 40.4984], device='cuda:0', grad_fn=<NegBackward>)
80 100.0 tensor([40.9556, 48.2810, 42.7328, 35.3683, 40.8219, 41.5237, 39.9387, 45.3391,
        44.7825, 40.5602], device='cuda:0', grad_fn=<NegBackward>)
81 100.0 tensor([40.9963, 48.3416, 42.7751, 35.4363, 40.8928, 41.5770, 39.9966, 45.4029,
        44.8164, 40.6356], device='cuda:0', grad_fn=<NegBackward>)
82 100.0 tensor([41.0532, 48.3914, 42.8177, 35.4872, 40.9222, 41.6112, 40.0341, 45.4708,
        44.8492, 40.7075], device='cuda:0', grad_fn=<NegBackward>)
83 100.0 tensor([41.0946, 48.4383, 42.8498, 35.5501, 41.0006, 41.6535, 40.0640, 45.5223,
        44.9013, 40.7820], device='cuda:0', grad_fn=<NegBackward>)
84 100.0 tensor([41.1579, 48.5004, 42.8850, 35.6073, 41.0450, 41.6951, 40.1427, 45.5797,
        44.9262, 40.8468], device='cuda:0', grad_fn=<NegBackward>)
85 100.0 tensor([41.1932, 48.5649, 42.9320, 35.6432, 41.0949, 41.7314, 40.1739, 45.6348,
        44.9723, 40.9112], device='cuda:0', grad_fn=<NegBackward>)
86 100.0 tensor([41.2501, 48.6237, 42.9706, 35.7092, 41.1293, 41.7704, 40.2444, 45.6773,
        44.9965, 40.9922], device='cuda:0', grad_fn=<NegBackward>)
87 100.0 tensor([41.2952, 48.6753, 43.0015, 35.7609, 41.2094, 41.8087, 40.2742, 45.7349,
        45.0151, 41.0672], device='cuda:0', grad_fn=<NegBackward>)
88 100.0 tensor([41.3194, 48.7205, 43.0465, 35.8107, 41.2624, 41.8416, 40.3480, 45.7911,
        45.0681, 41.1352], device='cuda:0', grad_fn=<NegBackward>)
89 100.0 tensor([41.3599, 48.7564, 43.0809, 35.8686, 41.2755, 41.8832, 40.4085, 45.8266,
        45.1115, 41.1990], device='cuda:0', grad_fn=<NegBackward>)
90 100.0 tensor([41.4080, 48.8232, 43.1163, 35.9215, 41.3432, 41.9174, 40.4419, 45.8729,
        45.1358, 41.2678], device='cuda:0', grad_fn=<NegBackward>)
91 100.0 tensor([41.4599, 48.8912, 43.1424, 35.9571, 41.4044, 41.9540, 40.4925, 45.8981,
        45.1562, 41.3135], device='cuda:0', grad_fn=<NegBackward>)
92 100.0 tensor([41.4784, 48.9418, 43.1872, 36.0067, 41.4408, 41.9890, 40.5120, 45.9610,
        45.1985, 41.3661], device='cuda:0', grad_fn=<NegBackward>)
93 100.0 tensor([41.5346, 48.9861, 43.2165, 36.0584, 41.4873, 42.0212, 40.5888, 46.0098,
        45.2294, 41.4494], device='cuda:0', grad_fn=<NegBackward>)
94 100.0 tensor([41.5800, 49.0446, 43.2416, 36.0949, 41.5174, 42.0575, 40.6536, 46.0578,
        45.2799, 41.5148], device='cuda:0', grad_fn=<NegBackward>)
95 100.0 tensor([41.6231, 49.1024, 43.2802, 36.1543, 41.5789, 42.0904, 40.6649, 46.0896,
        45.2936, 41.5725], device='cuda:0', grad_fn=<NegBackward>)
96 100.0 tensor([41.6442, 49.1607, 43.3240, 36.1972, 41.6359, 42.1188, 40.7154, 46.1371,
        45.3223, 41.6317], device='cuda:0', grad_fn=<NegBackward>)
97 100.0 tensor([41.6790, 49.2241, 43.3392, 36.2459, 41.6755, 42.1605, 40.7573, 46.1729,
        45.3474, 41.6731], device='cuda:0', grad_fn=<NegBackward>)
98 100.0 tensor([41.7118, 49.2550, 43.3898, 36.2904, 41.7383, 42.1875, 40.8162, 46.2107,
        45.3782, 41.7229], device='cuda:0', grad_fn=<NegBackward>)
99 100.0 tensor([41.7592, 49.3251, 43.4242, 36.3355, 41.7674, 42.2138, 40.8553, 46.2583,
        45.4221, 41.7850], device='cuda:0', grad_fn=<NegBackward>)
100 100.0 tensor([41.8032, 49.3807, 43.4405, 36.3786, 41.8102, 42.2466, 40.9036, 46.2987,
        45.4561, 41.8425], device='cuda:0', grad_fn=<NegBackward>)
101 100.0 tensor([41.8167, 49.4274, 43.4818, 36.4069, 41.8568, 42.2690, 40.9376, 46.3270,
        45.4648, 41.8837], device='cuda:0', grad_fn=<NegBackward>)
102 100.0 tensor([41.8673, 49.4705, 43.5075, 36.4672, 41.8710, 42.3062, 40.9719, 46.3411,
        45.4958, 41.9174], device='cuda:0', grad_fn=<NegBackward>)
103 100.0 tensor([41.8852, 49.5057, 43.5318, 36.5098, 41.9288, 42.3297, 41.0267, 46.3955,
        45.5276, 41.9876], device='cuda:0', grad_fn=<NegBackward>)
104 100.0 tensor([41.9250, 49.5584, 43.5760, 36.5455, 41.9816, 42.3571, 41.0558, 46.4390,
        45.5557, 42.0317], device='cuda:0', grad_fn=<NegBackward>)
105 100.0 tensor([41.9691, 49.5993, 43.5924, 36.5960, 42.0123, 42.3950, 41.0899, 46.4699,
        45.5804, 42.0777], device='cuda:0', grad_fn=<NegBackward>)
106 100.0 tensor([42.0024, 49.6483, 43.6310, 36.6305, 42.0633, 42.4218, 41.1359, 46.5163,
        45.6020, 42.1178], device='cuda:0', grad_fn=<NegBackward>)
107 100.0 tensor([42.0031, 49.7001, 43.6647, 36.6732, 42.1048, 42.4433, 41.1830, 46.5550,
        45.6278, 42.1777], device='cuda:0', grad_fn=<NegBackward>)
108 100.0 tensor([42.0476, 49.7406, 43.6789, 36.7147, 42.1142, 42.4761, 41.2265, 46.5943,
        45.6647, 42.2191], device='cuda:0', grad_fn=<NegBackward>)
109 100.0 tensor([42.0845, 49.7741, 43.7179, 36.7508, 42.1496, 42.4975, 41.2441, 46.6187,
        45.6792, 42.2499], device='cuda:0', grad_fn=<NegBackward>)
110 100.0 tensor([42.1159, 49.8172, 43.7416, 36.7993, 42.2100, 42.5270, 41.3003, 46.6581,
        45.7241, 42.2909], device='cuda:0', grad_fn=<NegBackward>)
111 100.0 tensor([42.1443, 49.8483, 43.7607, 36.8254, 42.2552, 42.5507, 41.3431, 46.6887,
        45.7510, 42.3424], device='cuda:0', grad_fn=<NegBackward>)
112 100.0 tensor([42.1777, 49.8954, 43.7927, 36.8694, 42.2888, 42.5821, 41.3701, 46.7138,
        45.7623, 42.3886], device='cuda:0', grad_fn=<NegBackward>)
113 100.0 tensor([42.2110, 49.9302, 43.8124, 36.8983, 42.3259, 42.5957, 41.4128, 46.7527,
        45.7968, 42.4407], device='cuda:0', grad_fn=<NegBackward>)
114 100.0 tensor([42.2201, 49.9705, 43.8272, 36.9425, 42.3602, 42.6326, 41.3941, 46.7923,
        45.7969, 42.4624], device='cuda:0', grad_fn=<NegBackward>)
115 100.0 tensor([42.2617, 50.0013, 43.8754, 36.9909, 42.3922, 42.6555, 41.4792, 46.8157,
        45.8280, 42.5288], device='cuda:0', grad_fn=<NegBackward>)
116 100.0 tensor([42.2672, 50.0419, 43.9033, 37.0176, 42.4070, 42.6872, 41.5040, 46.8705,
        45.8663, 42.5702], device='cuda:0', grad_fn=<NegBackward>)
117 100.0 tensor([42.3150, 50.0712, 43.9252, 37.0614, 42.4408, 42.7102, 41.5506, 46.9022,
        45.8856, 42.5948], device='cuda:0', grad_fn=<NegBackward>)
118 100.0 tensor([42.3535, 50.1240, 43.9430, 37.0887, 42.4857, 42.7308, 41.5692, 46.9319,
        45.9087, 42.6529], device='cuda:0', grad_fn=<NegBackward>)
119 100.0 tensor([42.3716, 50.1530, 43.9749, 37.1311, 42.5038, 42.7563, 41.5806, 46.9767,
        45.9299, 42.7070], device='cuda:0', grad_fn=<NegBackward>)
120 100.0 tensor([42.4007, 50.1786, 43.9959, 37.1652, 42.5504, 42.7755, 41.6193, 47.0038,
        45.9666, 42.7251], device='cuda:0', grad_fn=<NegBackward>)
121 100.0 tensor([42.4272, 50.2249, 44.0125, 37.1918, 42.5634, 42.8035, 41.6665, 47.0355,
        45.9877, 42.7955], device='cuda:0', grad_fn=<NegBackward>)
122 100.0 tensor([42.4403, 50.2637, 44.0464, 37.2276, 42.6152, 42.8217, 41.6760, 47.0686,
        46.0024, 42.8281], device='cuda:0', grad_fn=<NegBackward>)
123 100.0 tensor([42.4843, 50.2939, 44.0710, 37.2587, 42.6389, 42.8468, 41.7358, 47.0845,
        46.0314, 42.8784], device='cuda:0', grad_fn=<NegBackward>)
124 100.0 tensor([42.4974, 50.3223, 44.0928, 37.2869, 42.6672, 42.8660, 41.7625, 47.1307,
        46.0260, 42.9121], device='cuda:0', grad_fn=<NegBackward>)
125 100.0 tensor([42.5307, 50.3640, 44.1117, 37.3246, 42.7215, 42.8905, 41.8148, 47.1622,
        46.0578, 42.9470], device='cuda:0', grad_fn=<NegBackward>)
126 100.0 tensor([42.5607, 50.4027, 44.1460, 37.3633, 42.7458, 42.9090, 41.8343, 47.1861,
        46.1001, 42.9987], device='cuda:0', grad_fn=<NegBackward>)
127 100.0 tensor([42.5788, 50.4241, 44.1592, 37.3897, 42.7468, 42.9410, 41.8702, 47.2178,
        46.1037, 43.0331], device='cuda:0', grad_fn=<NegBackward>)
128 100.0 tensor([42.6086, 50.4518, 44.1819, 37.4291, 42.7667, 42.9453, 41.8663, 47.2480,
        46.1180, 43.0799], device='cuda:0', grad_fn=<NegBackward>)
129 100.0 tensor([42.6375, 50.4921, 44.2060, 37.4598, 42.8290, 42.9778, 41.9095, 47.2692,
        46.1340, 43.1061], device='cuda:0', grad_fn=<NegBackward>)
130 100.0 tensor([42.6453, 50.5180, 44.2264, 37.4896, 42.8595, 42.9889, 41.9369, 47.3102,
        46.1661, 43.1466], device='cuda:0', grad_fn=<NegBackward>)
131 100.0 tensor([42.6889, 50.5608, 44.2490, 37.5009, 42.8745, 43.0164, 41.9908, 47.3416,
        46.1804, 43.1906], device='cuda:0', grad_fn=<NegBackward>)
132 100.0 tensor([42.7048, 50.5880, 44.2701, 37.5510, 42.8845, 43.0261, 42.0215, 47.3739,
        46.2124, 43.2244], device='cuda:0', grad_fn=<NegBackward>)
133 100.0 tensor([42.7341, 50.6266, 44.2955, 37.5809, 42.9547, 43.0605, 42.0436, 47.4022,
        46.2252, 43.2527], device='cuda:0', grad_fn=<NegBackward>)
134 100.0 tensor([42.7472, 50.6484, 44.3133, 37.6074, 42.9618, 43.0766, 42.0489, 47.4316,
        46.2385, 43.2985], device='cuda:0', grad_fn=<NegBackward>)
135 100.0 tensor([42.7868, 50.6783, 44.3255, 37.6414, 42.9977, 43.0886, 42.1080, 47.4380,
        46.2570, 43.3316], device='cuda:0', grad_fn=<NegBackward>)
136 100.0 tensor([42.8136, 50.7083, 44.3581, 37.6623, 43.0113, 43.1001, 42.1152, 47.4807,
        46.2793, 43.3662], device='cuda:0', grad_fn=<NegBackward>)
137 100.0 tensor([42.8187, 50.7428, 44.3846, 37.6715, 43.0343, 43.1410, 42.1706, 47.5092,
        46.3072, 43.3986], device='cuda:0', grad_fn=<NegBackward>)
138 100.0 tensor([42.8400, 50.7711, 44.4024, 37.7106, 43.1033, 43.1577, 42.2173, 47.5355,
        46.3242, 43.4296], device='cuda:0', grad_fn=<NegBackward>)
139 100.0 tensor([42.8682, 50.7894, 44.4174, 37.7543, 43.1099, 43.1812, 42.2302, 47.5629,
        46.3515, 43.4778], device='cuda:0', grad_fn=<NegBackward>)
140 100.0 tensor([42.8647, 50.8094, 44.4435, 37.7859, 43.1387, 43.2000, 42.2551, 47.5879,
        46.3639, 43.5080], device='cuda:0', grad_fn=<NegBackward>)
141 100.0 tensor([42.8933, 50.8450, 44.4675, 37.8084, 43.1485, 43.2101, 42.3027, 47.6253,
        46.3891, 43.5337], device='cuda:0', grad_fn=<NegBackward>)
142 100.0 tensor([42.9424, 50.8821, 44.4843, 37.8445, 43.1649, 43.2368, 42.3162, 47.6515,
        46.4065, 43.5724], device='cuda:0', grad_fn=<NegBackward>)
143 100.0 tensor([42.9386, 50.9092, 44.5040, 37.8735, 43.2119, 43.2481, 42.3334, 47.6718,
        46.4023, 43.6012], device='cuda:0', grad_fn=<NegBackward>)
144 100.0 tensor([42.9755, 50.9714, 44.5120, 37.8888, 43.2255, 43.2648, 42.3678, 47.6945,
        46.4171, 43.6482], device='cuda:0', grad_fn=<NegBackward>)
145 100.0 tensor([42.9893, 51.0077, 44.5464, 37.9147, 43.2770, 43.2894, 42.4235, 47.7304,
        46.4506, 43.6705], device='cuda:0', grad_fn=<NegBackward>)
146 100.0 tensor([43.0256, 51.0453, 44.5731, 37.9542, 43.2743, 43.3025, 42.4397, 47.7476,
        46.4659, 43.6994], device='cuda:0', grad_fn=<NegBackward>)
147 100.0 tensor([43.0176, 51.0786, 44.5872, 37.9876, 43.3284, 43.3232, 42.4622, 47.7822,
        46.4997, 43.7406], device='cuda:0', grad_fn=<NegBackward>)
148 100.0 tensor([43.0383, 51.1136, 44.6068, 38.0093, 43.3482, 43.3396, 42.5009, 47.8089,
        46.4892, 43.7643], device='cuda:0', grad_fn=<NegBackward>)
149 100.0 tensor([43.0572, 51.1486, 44.6210, 38.0383, 43.3674, 43.3633, 42.4951, 47.8375,
        46.5067, 43.7843], device='cuda:0', grad_fn=<NegBackward>)
150 100.0 tensor([43.0792, 51.1795, 44.6261, 38.0638, 43.3371, 43.3839, 42.5307, 47.8658,
        46.5445, 43.8087], device='cuda:0', grad_fn=<NegBackward>)
151 100.0 tensor([43.1058, 51.2293, 44.6673, 38.0851, 43.3955, 43.3999, 42.5572, 47.8721,
        46.5584, 43.8627], device='cuda:0', grad_fn=<NegBackward>)
152 100.0 tensor([43.1052, 51.2676, 44.6786, 38.1046, 43.4156, 43.4080, 42.6036, 47.9151,
        46.5664, 43.9100], device='cuda:0', grad_fn=<NegBackward>)
153 100.0 tensor([43.1412, 51.2823, 44.6996, 38.1475, 43.4045, 43.4305, 42.6328, 47.9445,
        46.5867, 43.9168], device='cuda:0', grad_fn=<NegBackward>)
154 100.0 tensor([43.1589, 51.3208, 44.7167, 38.1650, 43.4681, 43.4491, 42.6439, 47.9593,
        46.6024, 43.9583], device='cuda:0', grad_fn=<NegBackward>)
155 100.0 tensor([43.1685, 51.3507, 44.7267, 38.1769, 43.4967, 43.4417, 42.6383, 47.9848,
        46.6305, 43.9968], device='cuda:0', grad_fn=<NegBackward>)
156 100.0 tensor([43.1934, 51.3887, 44.7182, 38.2053, 43.5375, 43.4789, 42.6822, 48.0253,
        46.6284, 44.0229], device='cuda:0', grad_fn=<NegBackward>)
157 100.0 tensor([43.2006, 51.4046, 44.7690, 38.2399, 43.5266, 43.4919, 42.7375, 48.0496,
        46.6679, 44.0525], device='cuda:0', grad_fn=<NegBackward>)
158 100.0 tensor([43.2278, 51.4414, 44.7857, 38.2672, 43.5455, 43.5036, 42.7642, 48.0633,
        46.6831, 44.0879], device='cuda:0', grad_fn=<NegBackward>)
159 100.0 tensor([43.2106, 51.4664, 44.8009, 38.2966, 43.5881, 43.5236, 42.7869, 48.1044,
        46.6813, 44.0977], device='cuda:0', grad_fn=<NegBackward>)
160 100.0 tensor([43.2545, 51.5024, 44.8137, 38.3105, 43.5830, 43.5350, 42.7726, 48.1300,
        46.7070, 44.1555], device='cuda:0', grad_fn=<NegBackward>)
161 100.0 tensor([43.2718, 51.5361, 44.8373, 38.3398, 43.5760, 43.5419, 42.8103, 48.1524,
        46.7013, 44.1717], device='cuda:0', grad_fn=<NegBackward>)
162 100.0 tensor([43.2949, 51.5704, 44.8417, 38.3651, 43.6153, 43.5730, 42.8451, 48.1761,
        46.7247, 44.2048], device='cuda:0', grad_fn=<NegBackward>)
163 100.0 tensor([43.2992, 51.6036, 44.8702, 38.3845, 43.6624, 43.5952, 42.8544, 48.1995,
        46.7514, 44.2357], device='cuda:0', grad_fn=<NegBackward>)
164 100.0 tensor([43.3132, 51.6269, 44.8755, 38.4066, 43.6316, 43.6071, 42.8613, 48.2321,
        46.7840, 44.2804], device='cuda:0', grad_fn=<NegBackward>)
165 100.0 tensor([43.3476, 51.6748, 44.8983, 38.4316, 43.7022, 43.6217, 42.9245, 48.2557,
        46.8014, 44.2921], device='cuda:0', grad_fn=<NegBackward>)
166 100.0 tensor([43.3499, 51.6947, 44.9128, 38.4551, 43.7227, 43.6180, 42.9432, 48.2872,
        46.7958, 44.3168], device='cuda:0', grad_fn=<NegBackward>)
167 100.0 tensor([43.3789, 51.7172, 44.9339, 38.4640, 43.7318, 43.6486, 42.9648, 48.3171,
        46.8155, 44.3501], device='cuda:0', grad_fn=<NegBackward>)
168 100.0 tensor([43.3748, 51.7534, 44.9546, 38.4970, 43.7443, 43.6717, 42.9937, 48.3383,
        46.8289, 44.3698], device='cuda:0', grad_fn=<NegBackward>)
169 100.0 tensor([43.3996, 51.7805, 44.9488, 38.5064, 43.7540, 43.6847, 42.9964, 48.3468,
        46.8415, 44.4197], device='cuda:0', grad_fn=<NegBackward>)
170 100.0 tensor([43.4149, 51.8092, 44.9778, 38.5209, 43.8087, 43.6951, 43.0210, 48.3697,
        46.8712, 44.4428], device='cuda:0', grad_fn=<NegBackward>)
171 100.0 tensor([43.4371, 51.8361, 44.9869, 38.5569, 43.7455, 43.7052, 43.0420, 48.4026,
        46.8955, 44.4793], device='cuda:0', grad_fn=<NegBackward>)
172 100.0 tensor([43.4509, 51.8758, 45.0168, 38.5696, 43.7929, 43.7143, 43.0376, 48.4247,
        46.9009, 44.5048], device='cuda:0', grad_fn=<NegBackward>)
173 100.0 tensor([43.4678, 51.9114, 45.0211, 38.5969, 43.8177, 43.7287, 43.0548, 48.4470,
        46.9027, 44.5263], device='cuda:0', grad_fn=<NegBackward>)
174 100.0 tensor([43.4870, 51.9284, 45.0399, 38.6235, 43.8592, 43.7438, 43.0737, 48.4774,
        46.9147, 44.5639], device='cuda:0', grad_fn=<NegBackward>)
175 100.0 tensor([43.5012, 51.9575, 45.0430, 38.6255, 43.8544, 43.7678, 43.1482, 48.4920,
        46.9185, 44.5860], device='cuda:0', grad_fn=<NegBackward>)
176 100.0 tensor([43.5055, 51.9859, 45.0724, 38.6594, 43.8646, 43.7834, 43.1707, 48.5205,
        46.9447, 44.6100], device='cuda:0', grad_fn=<NegBackward>)
177 100.0 tensor([43.5394, 52.0086, 45.0861, 38.6729, 43.9084, 43.7909, 43.1716, 48.5466,
        46.9772, 44.6441], device='cuda:0', grad_fn=<NegBackward>)
178 100.0 tensor([43.5373, 52.0370, 45.1077, 38.7080, 43.9038, 43.7935, 43.2083, 48.5678,
        46.9864, 44.6719], device='cuda:0', grad_fn=<NegBackward>)
179 100.0 tensor([43.5582, 52.0719, 45.1100, 38.7117, 43.9024, 43.8089, 43.2145, 48.5775,
        47.0004, 44.7008], device='cuda:0', grad_fn=<NegBackward>)
180 100.0 tensor([43.5725, 52.0887, 45.1322, 38.7463, 43.9132, 43.8264, 43.2412, 48.6052,
        47.0048, 44.7202], device='cuda:0', grad_fn=<NegBackward>)
181 100.0 tensor([43.5896, 52.1148, 45.1530, 38.7680, 43.9792, 43.8469, 43.2256, 48.6115,
        47.0235, 44.7658], device='cuda:0', grad_fn=<NegBackward>)
182 100.0 tensor([43.6163, 52.1461, 45.1501, 38.7813, 43.9903, 43.8629, 43.2801, 48.6391,
        47.0155, 44.7934], device='cuda:0', grad_fn=<NegBackward>)
183 100.0 tensor([43.6214, 52.1640, 45.1766, 38.7908, 44.0130, 43.8706, 43.2755, 48.6749,
        47.0185, 44.8252], device='cuda:0', grad_fn=<NegBackward>)
184 100.0 tensor([43.6351, 52.1992, 45.1789, 38.8142, 43.9951, 43.8897, 43.3214, 48.6982,
        47.0626, 44.8381], device='cuda:0', grad_fn=<NegBackward>)
185 100.0 tensor([43.6469, 52.2215, 45.1991, 38.8409, 44.0417, 43.9032, 43.3425, 48.7206,
        47.0896, 44.8802], device='cuda:0', grad_fn=<NegBackward>)
186 100.0 tensor([43.6770, 52.2395, 45.2187, 38.8502, 44.0267, 43.9138, 43.3685, 48.7458,
        47.0961, 44.8973], device='cuda:0', grad_fn=<NegBackward>)
187 100.0 tensor([43.6700, 52.2427, 45.2304, 38.8719, 44.0894, 43.9118, 43.3430, 48.7608,
        47.1058, 44.9304], device='cuda:0', grad_fn=<NegBackward>)
188 100.0 tensor([43.6980, 52.2626, 45.2299, 38.8868, 44.0925, 43.9298, 43.3967, 48.7768,
        47.1160, 44.9604], device='cuda:0', grad_fn=<NegBackward>)
189 100.0 tensor([43.7118, 52.3086, 45.2581, 38.9061, 44.0795, 43.9524, 43.4085, 48.7978,
        47.1176, 44.9887], device='cuda:0', grad_fn=<NegBackward>)
190 100.0 tensor([43.7188, 52.3195, 45.2754, 38.8980, 44.0773, 43.9625, 43.4564, 48.8201,
        47.1449, 45.0039], device='cuda:0', grad_fn=<NegBackward>)
191 100.0 tensor([43.7417, 52.3451, 45.2872, 38.9179, 44.1042, 43.9637, 43.4789, 48.8526,
        47.1581, 45.0541], device='cuda:0', grad_fn=<NegBackward>)
192 100.0 tensor([43.7326, 52.3629, 45.3067, 38.9556, 44.1669, 43.9868, 43.5017, 48.8598,
        47.1717, 45.0884], device='cuda:0', grad_fn=<NegBackward>)
193 100.0 tensor([43.7715, 52.3925, 45.3114, 38.9749, 44.1604, 44.0016, 43.5145, 48.8929,
        47.1992, 45.1019], device='cuda:0', grad_fn=<NegBackward>)
194 100.0 tensor([43.7897, 52.4121, 45.3232, 38.9986, 44.1671, 44.0082, 43.5372, 48.9071,
        47.2027, 45.1166], device='cuda:0', grad_fn=<NegBackward>)
195 100.0 tensor([43.8034, 52.4220, 45.3402, 39.0183, 44.2036, 44.0210, 43.5485, 48.9284,
        47.2058, 45.1540], device='cuda:0', grad_fn=<NegBackward>)
196 100.0 tensor([43.7879, 52.4552, 45.3491, 39.0300, 44.1871, 44.0429, 43.5161, 48.9347,
        47.2123, 45.1456], device='cuda:0', grad_fn=<NegBackward>)
197 100.0 tensor([43.8255, 52.4774, 45.3572, 39.0338, 44.2108, 44.0522, 43.5811, 48.9688,
        47.2385, 45.1729], device='cuda:0', grad_fn=<NegBackward>)
198 100.0 tensor([43.8445, 52.4958, 45.3798, 39.0599, 44.2405, 44.0572, 43.6065, 48.9893,
        47.2534, 45.2163], device='cuda:0', grad_fn=<NegBackward>)
199 100.0 tensor([43.8503, 52.5120, 45.3926, 39.0863, 44.2191, 44.0710, 43.6171, 49.0117,
        47.2723, 45.2619], device='cuda:0', grad_fn=<NegBackward>)
