0 10.0 tensor([ 2.0165, -7.5894, -3.8015, -3.2137,  0.7313, -3.1065,  1.2468, -5.4631,
         5.1193, -3.0390], device='cuda:0', grad_fn=<NegBackward>)
1 10.0 tensor([-0.5716, -6.0284,  4.4619,  2.2028,  1.8858, -5.1204,  5.9312, -6.1459,
        -0.9884, -3.8782], device='cuda:0', grad_fn=<NegBackward>)
2 60.0 tensor([ 4.9225, -1.9700, 12.5389,  7.7492, 13.0999,  2.9488, 12.7582,  7.3771,
         6.2171,  0.2932], device='cuda:0', grad_fn=<NegBackward>)
3 80.0 tensor([13.5610,  6.2099, 20.0640, 13.6284, 18.2293, 15.7428, 20.1897, 14.9418,
        12.9099,  1.5753], device='cuda:0', grad_fn=<NegBackward>)
4 100.0 tensor([20.5599, 10.6644, 23.5141, 18.3249, 20.4843, 22.3435, 23.1450, 19.2108,
        17.6466,  6.8635], device='cuda:0', grad_fn=<NegBackward>)
5 100.0 tensor([22.6715, 16.8768, 25.2051, 20.3282, 22.6320, 24.2415, 23.8606, 20.9333,
        20.7292, 13.4813], device='cuda:0', grad_fn=<NegBackward>)
6 100.0 tensor([22.8739, 20.2357, 25.8688, 21.1920, 24.8381, 25.1118, 24.8647, 22.5291,
        22.3520, 15.8079], device='cuda:0', grad_fn=<NegBackward>)
7 100.0 tensor([22.6922, 23.1561, 26.7159, 21.8154, 24.7132, 25.5613, 25.8963, 22.8572,
        23.2922, 18.7805], device='cuda:0', grad_fn=<NegBackward>)
8 100.0 tensor([24.1257, 24.3112, 26.8579, 22.3629, 24.9501, 25.9754, 26.2775, 24.1295,
        23.9921, 20.3493], device='cuda:0', grad_fn=<NegBackward>)
9 100.0 tensor([24.3957, 25.1208, 26.9564, 22.8164, 26.0052, 26.3790, 26.7321, 25.3633,
        24.4416, 21.9616], device='cuda:0', grad_fn=<NegBackward>)
10 100.0 tensor([22.6734, 25.6761, 27.4863, 23.4359, 26.7347, 26.8359, 26.7838, 26.1665,
        25.1110, 23.3054], device='cuda:0', grad_fn=<NegBackward>)
11 100.0 tensor([24.6593, 25.8220, 27.9887, 23.8556, 26.8859, 26.5611, 27.0373, 26.6582,
        25.5393, 23.5876], device='cuda:0', grad_fn=<NegBackward>)
12 100.0 tensor([25.8249, 26.0716, 28.6086, 24.2031, 27.6257, 26.7303, 27.3583, 26.7793,
        25.7335, 23.4518], device='cuda:0', grad_fn=<NegBackward>)
13 100.0 tensor([27.0782, 26.2715, 28.9935, 24.2131, 27.8559, 27.3350, 27.6309, 26.9766,
        25.9229, 24.6939], device='cuda:0', grad_fn=<NegBackward>)
14 100.0 tensor([27.2675, 26.4707, 29.1835, 24.3955, 28.0627, 27.3587, 27.5284, 26.9188,
        26.0064, 24.8843], device='cuda:0', grad_fn=<NegBackward>)
15 100.0 tensor([26.7598, 26.6303, 29.1800, 24.7320, 28.1950, 26.7263, 27.8171, 26.9293,
        26.0570, 24.9128], device='cuda:0', grad_fn=<NegBackward>)
16 100.0 tensor([26.7785, 26.8294, 29.4815, 24.8236, 28.3039, 27.4316, 28.1658, 27.3319,
        26.4196, 25.4138], device='cuda:0', grad_fn=<NegBackward>)
17 100.0 tensor([27.4819, 26.8860, 29.4452, 25.1225, 28.0235, 27.3892, 28.3258, 27.9423,
        26.6500, 25.7536], device='cuda:0', grad_fn=<NegBackward>)
18 100.0 tensor([27.3371, 27.0808, 29.5539, 25.2240, 28.5089, 27.5200, 28.5655, 27.8398,
        26.6763, 25.7261], device='cuda:0', grad_fn=<NegBackward>)
19 100.0 tensor([26.4285, 27.1523, 29.3957, 25.4610, 28.1674, 28.0325, 28.2394, 28.5663,
        27.0516, 25.7150], device='cuda:0', grad_fn=<NegBackward>)
20 100.0 tensor([26.5416, 27.4312, 29.2600, 25.6095, 28.6394, 28.5810, 28.4506, 28.4532,
        27.2694, 24.7410], device='cuda:0', grad_fn=<NegBackward>)
21 100.0 tensor([27.6356, 27.7330, 29.2777, 25.7080, 28.2896, 28.8006, 28.5715, 28.4853,
        27.3785, 26.2146], device='cuda:0', grad_fn=<NegBackward>)
22 100.0 tensor([27.5634, 27.9334, 29.8014, 25.9009, 28.5312, 28.8898, 28.9853, 28.6693,
        27.6234, 26.1665], device='cuda:0', grad_fn=<NegBackward>)
23 100.0 tensor([27.5609, 27.9614, 29.8552, 25.9954, 28.0418, 28.7254, 29.2351, 28.4207,
        27.2909, 26.2169], device='cuda:0', grad_fn=<NegBackward>)
24 100.0 tensor([27.8456, 27.9936, 30.1963, 26.1143, 27.9610, 28.6820, 29.1309, 29.1360,
        27.4184, 26.0517], device='cuda:0', grad_fn=<NegBackward>)
25 100.0 tensor([28.0506, 27.9791, 29.9378, 26.1048, 29.2234, 28.5589, 29.1650, 29.2989,
        27.7469, 26.2445], device='cuda:0', grad_fn=<NegBackward>)
26 100.0 tensor([28.2119, 27.9399, 30.0264, 25.9319, 29.5739, 28.7949, 29.1362, 29.4768,
        28.1102, 25.6313], device='cuda:0', grad_fn=<NegBackward>)
27 100.0 tensor([28.5237, 28.3840, 29.9311, 26.2315, 29.6836, 28.9669, 29.3373, 29.0696,
        27.9916, 26.7020], device='cuda:0', grad_fn=<NegBackward>)
28 100.0 tensor([28.1506, 28.3794, 30.3100, 26.3139, 29.7017, 29.2447, 29.4635, 28.8834,
        27.9751, 26.9914], device='cuda:0', grad_fn=<NegBackward>)
29 100.0 tensor([28.3260, 28.5792, 30.3081, 26.2107, 29.6824, 29.3347, 29.5995, 29.3643,
        28.0713, 26.2745], device='cuda:0', grad_fn=<NegBackward>)
30 100.0 tensor([28.7221, 28.6873, 30.6053, 26.3791, 29.6824, 28.9639, 29.5822, 29.4639,
        27.9664, 26.3194], device='cuda:0', grad_fn=<NegBackward>)
31 100.0 tensor([28.4532, 28.7476, 30.6540, 26.6259, 30.0373, 28.6729, 29.4796, 29.0230,
        28.2501, 26.2717], device='cuda:0', grad_fn=<NegBackward>)
32 100.0 tensor([27.6292, 28.7473, 30.5908, 26.7953, 29.8083, 28.1909, 29.9729, 28.4836,
        28.0923, 27.1352], device='cuda:0', grad_fn=<NegBackward>)
33 100.0 tensor([28.4095, 28.8109, 30.3036, 26.7469, 29.5390, 29.1986, 30.0460, 29.4581,
        28.4741, 27.2027], device='cuda:0', grad_fn=<NegBackward>)
34 100.0 tensor([28.8501, 29.0910, 30.4054, 26.8441, 29.0286, 29.5469, 30.1996, 29.4638,
        28.1545, 27.4519], device='cuda:0', grad_fn=<NegBackward>)
35 100.0 tensor([28.7989, 29.1156, 30.0484, 26.9645, 29.7132, 29.4987, 29.9342, 29.9249,
        28.4457, 27.7558], device='cuda:0', grad_fn=<NegBackward>)
36 100.0 tensor([29.2607, 28.9562, 30.8637, 26.9270, 29.5836, 29.1723, 30.2174, 30.0345,
        28.6562, 27.7315], device='cuda:0', grad_fn=<NegBackward>)
37 100.0 tensor([29.0772, 29.2053, 30.7923, 26.9847, 29.5134, 29.4979, 30.1693, 30.0449,
        28.6398, 27.8836], device='cuda:0', grad_fn=<NegBackward>)
38 100.0 tensor([29.4281, 29.1136, 30.8365, 26.9523, 30.0159, 29.3158, 30.3430, 29.8281,
        28.4970, 27.8748], device='cuda:0', grad_fn=<NegBackward>)
39 100.0 tensor([29.5782, 29.2598, 30.6984, 26.8070, 29.7929, 29.7207, 30.3574, 30.2735,
        28.5453, 28.1716], device='cuda:0', grad_fn=<NegBackward>)
40 100.0 tensor([29.5709, 29.3035, 30.5562, 27.0636, 30.1420, 29.6731, 30.4710, 30.2002,
        28.6399, 28.0786], device='cuda:0', grad_fn=<NegBackward>)
41 100.0 tensor([29.5895, 29.3467, 30.7553, 27.1638, 29.9855, 29.5133, 30.4300, 30.3476,
        28.4105, 28.2879], device='cuda:0', grad_fn=<NegBackward>)
42 100.0 tensor([29.3801, 29.2333, 30.7766, 27.1879, 30.3635, 29.5505, 30.7016, 30.1179,
        28.4775, 28.1083], device='cuda:0', grad_fn=<NegBackward>)
43 100.0 tensor([29.2079, 29.5042, 31.0340, 26.8745, 30.2113, 29.5239, 30.5322, 30.4105,
        29.0434, 28.2761], device='cuda:0', grad_fn=<NegBackward>)
44 100.0 tensor([29.2742, 29.3287, 31.0203, 27.3921, 30.2253, 29.9740, 30.4865, 30.1215,
        29.0066, 28.5252], device='cuda:0', grad_fn=<NegBackward>)
45 100.0 tensor([28.3872, 29.6445, 31.0053, 27.5440, 30.4940, 30.1290, 30.5314, 30.2086,
        28.7909, 28.4496], device='cuda:0', grad_fn=<NegBackward>)
46 100.0 tensor([28.8494, 29.6373, 31.0175, 27.6027, 30.5863, 30.1846, 30.4214, 29.6104,
        28.6305, 27.9302], device='cuda:0', grad_fn=<NegBackward>)
47 100.0 tensor([28.9633, 29.7960, 30.8746, 27.5031, 30.5903, 30.0106, 30.5008, 29.6889,
        28.9988, 27.0820], device='cuda:0', grad_fn=<NegBackward>)
48 100.0 tensor([28.8686, 29.8075, 30.9770, 27.4991, 30.7653, 30.1840, 30.7169, 30.1631,
        28.8718, 26.5000], device='cuda:0', grad_fn=<NegBackward>)
49 100.0 tensor([29.3905, 29.8206, 31.1847, 27.5434, 30.6065, 30.1463, 30.5671, 30.4116,
        29.3107, 28.4780], device='cuda:0', grad_fn=<NegBackward>)
50 100.0 tensor([29.2447, 29.6778, 31.3877, 27.4445, 30.8353, 30.3731, 30.7791, 30.3785,
        29.0980, 28.8518], device='cuda:0', grad_fn=<NegBackward>)
51 100.0 tensor([29.5070, 29.9248, 31.4168, 27.4822, 30.8090, 30.2869, 30.3494, 30.7201,
        29.1992, 28.6888], device='cuda:0', grad_fn=<NegBackward>)
52 100.0 tensor([29.5611, 29.8796, 31.3810, 27.0718, 30.6074, 30.2197, 30.6247, 30.5067,
        29.2374, 28.9045], device='cuda:0', grad_fn=<NegBackward>)
53 100.0 tensor([29.8264, 29.9352, 30.9954, 27.6139, 30.2621, 30.1457, 30.9488, 30.8867,
        29.3936, 28.4722], device='cuda:0', grad_fn=<NegBackward>)
54 100.0 tensor([29.8118, 29.7814, 31.1690, 27.4965, 30.5157, 29.8917, 31.3109, 30.7983,
        29.0719, 28.5950], device='cuda:0', grad_fn=<NegBackward>)
55 100.0 tensor([29.3633, 29.8217, 31.1897, 27.7934, 30.4978, 30.1781, 31.2893, 30.7135,
        29.1225, 28.8018], device='cuda:0', grad_fn=<NegBackward>)
56 100.0 tensor([29.6437, 29.8709, 31.1462, 27.7794, 30.7002, 30.2538, 31.2599, 30.8992,
        29.3522, 28.7426], device='cuda:0', grad_fn=<NegBackward>)
57 100.0 tensor([29.6110, 29.8446, 31.1539, 27.4954, 30.7757, 30.2916, 31.0848, 30.9974,
        29.3358, 29.1390], device='cuda:0', grad_fn=<NegBackward>)
58 100.0 tensor([30.0237, 30.1774, 30.3946, 27.6284, 30.7325, 29.9437, 30.9443, 31.1281,
        29.3285, 29.1266], device='cuda:0', grad_fn=<NegBackward>)
59 100.0 tensor([30.1845, 30.0937, 31.4260, 27.5158, 30.9613, 30.2846, 30.8855, 31.0884,
        29.4207, 29.2219], device='cuda:0', grad_fn=<NegBackward>)
60 100.0 tensor([30.2462, 30.3572, 31.5529, 27.5705, 30.9678, 30.2354, 30.9258, 31.0084,
        29.4588, 29.0549], device='cuda:0', grad_fn=<NegBackward>)
61 100.0 tensor([30.0823, 30.2940, 31.7794, 27.4199, 30.7397, 30.1052, 30.6220, 31.0031,
        29.2695, 29.3536], device='cuda:0', grad_fn=<NegBackward>)
62 100.0 tensor([29.9507, 30.3796, 31.5503, 27.7418, 30.2433, 30.2478, 29.9569, 30.6643,
        29.2698, 29.3569], device='cuda:0', grad_fn=<NegBackward>)
63 100.0 tensor([29.6083, 30.2654, 31.3849, 27.8414, 30.5183, 30.5084, 29.8133, 30.4871,
        28.9550, 29.2147], device='cuda:0', grad_fn=<NegBackward>)
64 100.0 tensor([28.8425, 30.2740, 31.1887, 27.7192, 30.7257, 30.6014, 30.5054, 31.1146,
        29.3632, 29.4712], device='cuda:0', grad_fn=<NegBackward>)
65 100.0 tensor([29.9780, 30.1771, 31.4788, 27.9273, 31.0852, 30.8173, 31.1726, 30.8353,
        29.1639, 29.3766], device='cuda:0', grad_fn=<NegBackward>)
66 100.0 tensor([29.9966, 30.1952, 31.3270, 27.8345, 31.1399, 30.6319, 31.1861, 29.9664,
        28.9368, 29.6520], device='cuda:0', grad_fn=<NegBackward>)
67 100.0 tensor([29.9849, 29.7487, 31.6874, 27.3748, 31.0733, 30.3787, 31.5161, 31.1891,
        29.0007, 29.5324], device='cuda:0', grad_fn=<NegBackward>)
68 100.0 tensor([29.8948, 30.4517, 31.7122, 27.6660, 30.6411, 29.8668, 31.1532, 31.3106,
        29.6494, 29.2229], device='cuda:0', grad_fn=<NegBackward>)
69 100.0 tensor([30.4006, 30.7673, 31.8466, 28.2630, 30.2449, 30.7186, 31.4915, 31.3715,
        29.4268, 29.7809], device='cuda:0', grad_fn=<NegBackward>)
70 100.0 tensor([30.1437, 30.8206, 31.7516, 28.4420, 30.3445, 30.8029, 31.5028, 31.0628,
        29.6287, 29.4177], device='cuda:0', grad_fn=<NegBackward>)
71 100.0 tensor([30.0285, 30.5993, 31.5643, 28.3998, 31.0852, 30.7330, 31.6628, 31.4493,
        29.7266, 29.6283], device='cuda:0', grad_fn=<NegBackward>)
72 100.0 tensor([30.0593, 30.5414, 31.9771, 28.2332, 31.2845, 30.6374, 31.3768, 31.3066,
        29.4354, 29.3262], device='cuda:0', grad_fn=<NegBackward>)
73 100.0 tensor([30.1489, 30.5887, 31.9180, 28.4061, 31.4367, 30.8964, 31.6290, 31.1746,
        29.7726, 29.6299], device='cuda:0', grad_fn=<NegBackward>)
74 100.0 tensor([30.2657, 30.4983, 31.9520, 28.5297, 31.2537, 31.0128, 31.6027, 30.8033,
        29.8011, 29.7942], device='cuda:0', grad_fn=<NegBackward>)
75 100.0 tensor([29.9820, 30.6248, 31.6656, 28.5585, 31.0973, 30.5093, 31.8174, 31.3670,
        29.7621, 29.8411], device='cuda:0', grad_fn=<NegBackward>)
76 100.0 tensor([30.3101, 30.4407, 31.4658, 28.5537, 31.0916, 30.8748, 31.6745, 31.0404,
        29.6459, 29.7494], device='cuda:0', grad_fn=<NegBackward>)
77 100.0 tensor([30.2766, 30.3448, 31.3436, 28.5264, 31.0454, 30.7597, 31.4890, 31.4782,
        29.7621, 29.7954], device='cuda:0', grad_fn=<NegBackward>)
78 100.0 tensor([30.1842, 30.3337, 31.6221, 28.4037, 31.0118, 30.7559, 31.3743, 31.2295,
        29.7425, 29.5918], device='cuda:0', grad_fn=<NegBackward>)
79 100.0 tensor([30.2942, 30.5322, 31.5516, 28.3958, 31.0294, 30.5910, 31.3529, 31.4002,
        29.9371, 29.7306], device='cuda:0', grad_fn=<NegBackward>)
80 100.0 tensor([30.3535, 30.8323, 31.7019, 28.4357, 31.3946, 30.7759, 31.6281, 31.3506,
        29.7608, 29.5321], device='cuda:0', grad_fn=<NegBackward>)
81 100.0 tensor([30.3591, 31.0367, 31.5157, 28.3542, 31.2800, 30.1687, 31.4951, 31.2836,
        29.7371, 29.7393], device='cuda:0', grad_fn=<NegBackward>)
82 100.0 tensor([30.6577, 30.9107, 31.7761, 28.4597, 31.2758, 30.7773, 31.4236, 31.1144,
        29.5526, 29.4615], device='cuda:0', grad_fn=<NegBackward>)
83 100.0 tensor([30.6442, 30.7801, 31.5424, 28.5780, 31.2403, 30.8872, 31.3976, 31.4136,
        29.9096, 29.6041], device='cuda:0', grad_fn=<NegBackward>)
84 100.0 tensor([30.8259, 30.3933, 31.9672, 28.7555, 31.6106, 30.9140, 31.7201, 31.5108,
        29.9203, 29.6128], device='cuda:0', grad_fn=<NegBackward>)
85 100.0 tensor([30.7139, 30.7600, 31.8238, 28.8650, 31.6469, 30.9901, 31.4476, 31.3717,
        29.7761, 29.9597], device='cuda:0', grad_fn=<NegBackward>)
86 100.0 tensor([30.8776, 30.6877, 31.9481, 28.6849, 31.4541, 30.8934, 30.7843, 31.2373,
        30.1797, 29.8628], device='cuda:0', grad_fn=<NegBackward>)
87 100.0 tensor([30.7926, 31.2062, 31.9273, 28.6970, 31.0330, 31.0722, 31.7325, 31.0542,
        30.0826, 30.1937], device='cuda:0', grad_fn=<NegBackward>)
88 100.0 tensor([30.5773, 31.1673, 31.9538, 28.3972, 31.3706, 30.6781, 31.9498, 30.9376,
        29.9656, 29.9654], device='cuda:0', grad_fn=<NegBackward>)
89 100.0 tensor([30.6200, 31.1051, 31.6520, 28.4942, 31.4184, 30.8526, 31.4258, 30.9725,
        29.8332, 30.2176], device='cuda:0', grad_fn=<NegBackward>)
90 100.0 tensor([30.5154, 30.8345, 32.0503, 28.4694, 31.4279, 30.9350, 31.2307, 31.2968,
        30.1840, 29.7428], device='cuda:0', grad_fn=<NegBackward>)
91 100.0 tensor([30.4940, 30.9903, 31.6836, 28.6177, 31.2347, 30.8378, 31.7584, 31.5028,
        30.2385, 30.1785], device='cuda:0', grad_fn=<NegBackward>)
92 100.0 tensor([30.5345, 30.8434, 32.2717, 28.6933, 31.4662, 30.9290, 31.3654, 31.7167,
        30.2011, 30.0292], device='cuda:0', grad_fn=<NegBackward>)
93 100.0 tensor([30.6492, 31.0633, 32.1321, 28.8426, 31.5255, 30.9502, 32.0251, 31.8123,
        29.8489, 30.2761], device='cuda:0', grad_fn=<NegBackward>)
94 100.0 tensor([30.8360, 31.1971, 32.2154, 28.9685, 31.3619, 31.0756, 31.9967, 31.5735,
        29.8232, 30.3197], device='cuda:0', grad_fn=<NegBackward>)
95 100.0 tensor([30.5961, 31.2376, 31.9470, 29.1415, 31.3336, 31.3966, 32.0754, 31.6214,
        30.2549, 30.1259], device='cuda:0', grad_fn=<NegBackward>)
96 100.0 tensor([30.5964, 30.9928, 31.9999, 29.0704, 31.3333, 31.1377, 31.9471, 31.0823,
        30.3843, 29.7304], device='cuda:0', grad_fn=<NegBackward>)
97 100.0 tensor([30.8018, 31.1481, 31.9393, 28.9532, 31.6571, 31.3940, 31.7662, 31.7939,
        30.4721, 29.9328], device='cuda:0', grad_fn=<NegBackward>)
98 100.0 tensor([30.7448, 31.0262, 31.9109, 28.7156, 31.7780, 31.5192, 31.6720, 31.7752,
        30.5031, 29.7895], device='cuda:0', grad_fn=<NegBackward>)
99 100.0 tensor([30.7039, 31.0794, 31.8545, 28.7171, 31.7703, 30.9190, 31.8381, 31.7765,
        30.3999, 29.9761], device='cuda:0', grad_fn=<NegBackward>)
100 100.0 tensor([30.5616, 30.9986, 32.2870, 28.8866, 31.7367, 30.7494, 31.5724, 31.6835,
        30.2751, 29.8475], device='cuda:0', grad_fn=<NegBackward>)
101 100.0 tensor([30.7622, 31.3639, 32.0401, 28.8594, 31.5791, 30.4421, 31.7455, 31.6303,
        30.4364, 30.2636], device='cuda:0', grad_fn=<NegBackward>)
102 100.0 tensor([30.8004, 31.2346, 32.0486, 29.2086, 31.3442, 31.3110, 31.8562, 31.5825,
        30.5256, 30.1126], device='cuda:0', grad_fn=<NegBackward>)
103 100.0 tensor([30.7384, 31.5071, 31.6043, 29.1408, 31.3254, 31.2952, 32.1169, 31.5704,
        30.3426, 30.3406], device='cuda:0', grad_fn=<NegBackward>)
104 100.0 tensor([30.8615, 31.2280, 32.2308, 29.2683, 31.5842, 31.3742, 31.9856, 31.5751,
        30.4488, 29.9003], device='cuda:0', grad_fn=<NegBackward>)
105 100.0 tensor([30.6968, 31.3592, 32.2964, 29.2065, 31.8047, 31.1130, 31.9766, 31.7415,
        30.3681, 30.3315], device='cuda:0', grad_fn=<NegBackward>)
106 100.0 tensor([31.0244, 31.2015, 32.4130, 29.2166, 31.8411, 31.3510, 32.0825, 31.7510,
        30.6222, 29.9309], device='cuda:0', grad_fn=<NegBackward>)
107 100.0 tensor([30.6214, 31.4898, 32.3379, 29.0475, 31.9473, 31.2389, 31.9517, 31.6572,
        30.1038, 30.1902], device='cuda:0', grad_fn=<NegBackward>)
108 100.0 tensor([30.8143, 31.3178, 32.3724, 29.0521, 31.8009, 31.5977, 32.0350, 32.0601,
        30.2751, 30.5185], device='cuda:0', grad_fn=<NegBackward>)
109 100.0 tensor([30.6431, 31.2275, 31.9416, 28.6255, 31.6056, 31.1250, 31.8308, 31.8020,
        30.0359, 30.5124], device='cuda:0', grad_fn=<NegBackward>)
110 100.0 tensor([30.9382, 30.5856, 32.4784, 29.1782, 31.5679, 31.4851, 32.0354, 31.9467,
        30.5642, 29.8224], device='cuda:0', grad_fn=<NegBackward>)
111 100.0 tensor([31.0057, 30.4043, 32.3171, 29.3582, 31.7220, 31.3011, 32.2654, 31.9727,
        30.4183, 30.2802], device='cuda:0', grad_fn=<NegBackward>)
112 100.0 tensor([31.2375, 31.3485, 32.4599, 29.2432, 31.6342, 31.2996, 31.9376, 31.9887,
        30.3464, 30.2503], device='cuda:0', grad_fn=<NegBackward>)
113 100.0 tensor([31.2875, 31.2977, 32.1900, 29.2054, 31.9841, 31.2979, 32.1060, 32.2033,
        30.0212, 30.4153], device='cuda:0', grad_fn=<NegBackward>)
114 100.0 tensor([31.2271, 31.5038, 32.2294, 29.3677, 31.7211, 30.8131, 32.0492, 32.0771,
        30.5643, 30.3995], device='cuda:0', grad_fn=<NegBackward>)
115 100.0 tensor([31.2286, 31.5310, 32.3645, 29.3304, 31.2460, 30.8493, 31.9033, 31.7244,
        30.2476, 30.1707], device='cuda:0', grad_fn=<NegBackward>)
116 100.0 tensor([31.1744, 31.5549, 32.3722, 28.7964, 31.6013, 31.3756, 32.0324, 31.2229,
        30.0908, 30.8294], device='cuda:0', grad_fn=<NegBackward>)
117 100.0 tensor([31.2709, 31.5884, 32.3328, 28.3028, 31.7752, 31.4378, 32.0367, 30.9505,
        30.3056, 30.8020], device='cuda:0', grad_fn=<NegBackward>)
118 100.0 tensor([31.0784, 31.5719, 32.1362, 28.7425, 31.8304, 31.6956, 31.9481, 31.2159,
        30.3338, 30.6936], device='cuda:0', grad_fn=<NegBackward>)
119 100.0 tensor([31.0061, 31.4197, 31.3099, 29.0148, 31.7595, 31.6062, 31.7127, 31.2053,
        30.0838, 30.3825], device='cuda:0', grad_fn=<NegBackward>)
120 100.0 tensor([30.7584, 31.4175, 32.2355, 29.3289, 31.7957, 31.5612, 31.9194, 31.5627,
        29.6986, 30.5390], device='cuda:0', grad_fn=<NegBackward>)
121 100.0 tensor([31.0752, 31.6884, 32.1900, 29.2025, 32.0987, 31.6314, 32.0229, 31.3875,
        30.3372, 30.4662], device='cuda:0', grad_fn=<NegBackward>)
122 100.0 tensor([30.5175, 31.7219, 32.5513, 29.0178, 32.1950, 31.4283, 32.2856, 32.1013,
        30.5595, 30.5886], device='cuda:0', grad_fn=<NegBackward>)
123 100.0 tensor([31.1246, 31.6142, 32.6698, 29.1011, 32.0777, 31.4601, 31.8471, 31.7773,
        30.4713, 30.6417], device='cuda:0', grad_fn=<NegBackward>)
124 100.0 tensor([30.9303, 31.6251, 32.7591, 29.1524, 31.9994, 31.0683, 32.2291, 31.9309,
        30.4321, 30.6220], device='cuda:0', grad_fn=<NegBackward>)
125 100.0 tensor([30.9793, 31.5518, 32.4870, 29.3315, 31.8530, 31.6999, 32.0581, 32.1528,
        30.5165, 30.6548], device='cuda:0', grad_fn=<NegBackward>)
126 100.0 tensor([30.8280, 31.7123, 32.3279, 29.2991, 31.7584, 31.5831, 32.5348, 32.2310,
        30.5876, 30.5386], device='cuda:0', grad_fn=<NegBackward>)
127 100.0 tensor([30.8084, 31.6510, 32.5912, 29.2367, 31.8101, 31.8148, 32.3329, 32.1122,
        30.5581, 30.2652], device='cuda:0', grad_fn=<NegBackward>)
128 100.0 tensor([30.8447, 31.3220, 32.6131, 29.3495, 32.0975, 31.5688, 32.2697, 32.2607,
        30.5956, 30.8236], device='cuda:0', grad_fn=<NegBackward>)
129 100.0 tensor([30.9368, 31.2321, 32.8682, 29.4138, 32.1463, 31.7812, 31.7422, 31.8474,
        30.4018, 30.7484], device='cuda:0', grad_fn=<NegBackward>)
130 100.0 tensor([30.9065, 31.6357, 32.7427, 29.4666, 32.1509, 31.3007, 32.1071, 32.1160,
        30.6857, 30.8246], device='cuda:0', grad_fn=<NegBackward>)
131 100.0 tensor([30.9080, 31.7849, 32.6297, 29.6265, 32.0542, 31.8982, 32.2494, 32.0684,
        30.5708, 30.4216], device='cuda:0', grad_fn=<NegBackward>)
132 100.0 tensor([31.1070, 31.9160, 32.1746, 29.4665, 31.9932, 31.8871, 32.1147, 32.3066,
        30.6943, 30.8993], device='cuda:0', grad_fn=<NegBackward>)
133 100.0 tensor([31.1624, 31.6087, 32.7081, 29.4187, 32.0641, 31.8415, 32.2791, 31.8394,
        30.6099, 30.3251], device='cuda:0', grad_fn=<NegBackward>)
134 100.0 tensor([30.8502, 31.9201, 32.7182, 29.2822, 32.2033, 31.6093, 31.7293, 31.9772,
        30.7731, 30.7144], device='cuda:0', grad_fn=<NegBackward>)
135 100.0 tensor([30.8111, 31.9432, 32.6370, 29.4469, 31.5356, 31.8756, 32.0877, 31.9956,
        30.7063, 30.9686], device='cuda:0', grad_fn=<NegBackward>)
136 100.0 tensor([31.1498, 31.8910, 32.4155, 29.4354, 31.7180, 31.8009, 32.3989, 31.7876,
        30.4704, 31.0651], device='cuda:0', grad_fn=<NegBackward>)
137 100.0 tensor([31.3981, 31.6504, 32.7137, 29.1343, 31.8557, 31.7507, 32.3254, 32.2363,
        30.3257, 30.7582], device='cuda:0', grad_fn=<NegBackward>)
138 100.0 tensor([31.2699, 31.7297, 32.7339, 29.4374, 31.9885, 31.4018, 32.4553, 32.2450,
        30.6218, 30.4155], device='cuda:0', grad_fn=<NegBackward>)
139 100.0 tensor([31.3358, 31.5524, 32.6116, 29.1998, 32.0859, 31.2599, 32.4157, 32.1975,
        30.8012, 30.6385], device='cuda:0', grad_fn=<NegBackward>)
140 100.0 tensor([30.9832, 31.9180, 32.4137, 29.1042, 32.1324, 31.4636, 32.3363, 32.2007,
        30.6117, 30.4434], device='cuda:0', grad_fn=<NegBackward>)
141 100.0 tensor([31.3191, 31.8403, 32.3954, 28.9011, 32.0695, 31.3879, 32.3187, 32.1769,
        30.6732, 30.7370], device='cuda:0', grad_fn=<NegBackward>)
142 100.0 tensor([31.4076, 31.8539, 32.9015, 29.2913, 31.8700, 31.6808, 32.0939, 32.3425,
        30.5277, 30.9645], device='cuda:0', grad_fn=<NegBackward>)
143 100.0 tensor([31.4371, 31.7659, 32.8956, 29.3391, 31.6548, 31.3519, 32.4584, 32.3713,
        30.6019, 30.9011], device='cuda:0', grad_fn=<NegBackward>)
144 100.0 tensor([31.1876, 31.9244, 32.9002, 29.4502, 31.3243, 31.5658, 32.1211, 32.1800,
        30.6375, 31.0942], device='cuda:0', grad_fn=<NegBackward>)
145 100.0 tensor([31.1493, 31.6758, 32.6106, 29.4669, 31.9142, 31.4886, 32.4341, 32.4432,
        30.5640, 30.9491], device='cuda:0', grad_fn=<NegBackward>)
146 100.0 tensor([31.1161, 31.9829, 32.7630, 29.4888, 32.1118, 31.8839, 32.3051, 31.9336,
        30.9670, 31.0693], device='cuda:0', grad_fn=<NegBackward>)
147 100.0 tensor([31.0029, 31.6571, 32.0064, 29.2220, 32.2607, 31.9796, 32.1374, 32.4268,
        31.0562, 30.7735], device='cuda:0', grad_fn=<NegBackward>)
148 100.0 tensor([31.3149, 32.0905, 32.5904, 29.2928, 32.2345, 32.0452, 32.4249, 32.4347,
        30.9731, 30.7306], device='cuda:0', grad_fn=<NegBackward>)
149 100.0 tensor([31.3114, 32.0835, 32.7498, 29.3498, 32.3135, 32.0028, 32.4361, 32.0917,
        30.6062, 30.4971], device='cuda:0', grad_fn=<NegBackward>)
150 100.0 tensor([31.4124, 31.9979, 32.9934, 29.5234, 32.2137, 31.8660, 32.1307, 32.4382,
        30.8390, 30.7833], device='cuda:0', grad_fn=<NegBackward>)
151 100.0 tensor([31.6477, 31.8568, 32.7462, 29.6959, 32.2901, 31.9208, 32.1836, 32.4732,
        30.5641, 31.0147], device='cuda:0', grad_fn=<NegBackward>)
152 100.0 tensor([31.2901, 32.1684, 32.8282, 29.6452, 32.1557, 31.8234, 32.3866, 32.3709,
        30.7580, 31.0837], device='cuda:0', grad_fn=<NegBackward>)
153 100.0 tensor([31.3367, 32.0200, 32.5873, 29.6681, 32.2199, 31.9896, 32.1612, 32.3991,
        30.6059, 30.7674], device='cuda:0', grad_fn=<NegBackward>)
154 100.0 tensor([31.2410, 31.9672, 32.4808, 29.5679, 32.1067, 31.4890, 32.2271, 32.3885,
        30.6291, 30.7908], device='cuda:0', grad_fn=<NegBackward>)
155 100.0 tensor([31.1380, 31.9251, 32.9808, 29.5310, 32.1374, 31.8506, 31.8462, 32.4663,
        30.5407, 30.7299], device='cuda:0', grad_fn=<NegBackward>)
156 100.0 tensor([31.0520, 32.0460, 33.0057, 29.5491, 31.9945, 31.8668, 32.2356, 32.3373,
        30.8660, 30.8631], device='cuda:0', grad_fn=<NegBackward>)
157 100.0 tensor([31.0585, 32.0245, 32.8523, 29.6839, 32.1371, 31.7857, 32.3031, 32.4119,
        30.8249, 30.5493], device='cuda:0', grad_fn=<NegBackward>)
158 100.0 tensor([30.6997, 32.2086, 32.6266, 29.7609, 32.2896, 32.2442, 32.5393, 32.2996,
        30.9429, 30.9339], device='cuda:0', grad_fn=<NegBackward>)
159 100.0 tensor([31.2098, 31.9025, 32.2116, 29.7934, 32.2154, 32.0608, 32.3479, 32.4842,
        31.0749, 30.8462], device='cuda:0', grad_fn=<NegBackward>)
160 100.0 tensor([31.6549, 31.8464, 32.6843, 29.8438, 32.1684, 32.1245, 32.4150, 32.3908,
        30.9305, 31.1497], device='cuda:0', grad_fn=<NegBackward>)
161 100.0 tensor([31.5430, 31.3928, 32.2706, 29.7293, 32.1770, 32.2499, 32.5495, 32.2330,
        30.8401, 30.6681], device='cuda:0', grad_fn=<NegBackward>)
162 100.0 tensor([31.6565, 31.5999, 32.7273, 29.5284, 32.1785, 32.2043, 32.5420, 32.0265,
        30.5170, 30.9821], device='cuda:0', grad_fn=<NegBackward>)
163 100.0 tensor([31.6171, 31.9981, 32.8423, 29.6315, 32.2201, 32.0497, 32.7442, 32.3471,
        30.4288, 30.9390], device='cuda:0', grad_fn=<NegBackward>)
164 100.0 tensor([31.2567, 31.7765, 33.0805, 29.7654, 32.0179, 31.4608, 32.5560, 32.5787,
        30.8461, 31.1670], device='cuda:0', grad_fn=<NegBackward>)
165 100.0 tensor([31.6053, 32.0337, 32.6913, 29.8272, 32.0322, 31.7590, 32.7285, 32.6837,
        30.9098, 31.2272], device='cuda:0', grad_fn=<NegBackward>)
166 100.0 tensor([31.4421, 31.7848, 33.1555, 29.6354, 32.0769, 31.7050, 32.5606, 32.5480,
        30.8705, 31.0948], device='cuda:0', grad_fn=<NegBackward>)
167 100.0 tensor([31.8374, 32.1238, 32.6555, 29.6371, 32.2892, 32.0039, 32.3306, 32.6855,
        30.9328, 31.0319], device='cuda:0', grad_fn=<NegBackward>)
168 100.0 tensor([31.4860, 31.8834, 33.1420, 29.5618, 31.9972, 32.0926, 32.3081, 32.4341,
        30.8891, 30.4116], device='cuda:0', grad_fn=<NegBackward>)
169 100.0 tensor([31.2303, 32.2084, 32.8309, 29.3610, 31.6717, 32.2581, 31.9881, 32.5661,
        30.8955, 31.0494], device='cuda:0', grad_fn=<NegBackward>)
170 100.0 tensor([31.3324, 32.1958, 33.1315, 29.3429, 31.9909, 31.6803, 32.5619, 32.3699,
        30.7908, 30.7896], device='cuda:0', grad_fn=<NegBackward>)
171 100.0 tensor([31.3683, 32.1816, 32.9077, 29.4117, 32.1846, 31.8022, 32.9016, 32.6469,
        30.3476, 31.1904], device='cuda:0', grad_fn=<NegBackward>)
172 100.0 tensor([31.4623, 32.3082, 33.0595, 29.3648, 32.2110, 32.0115, 32.7978, 32.6390,
        30.4350, 31.0481], device='cuda:0', grad_fn=<NegBackward>)
173 100.0 tensor([31.5922, 32.2933, 32.9042, 29.3798, 32.0539, 32.0814, 32.7698, 32.7288,
        30.8971, 31.0822], device='cuda:0', grad_fn=<NegBackward>)
174 100.0 tensor([31.7272, 32.3575, 33.1199, 29.6117, 32.3632, 32.3123, 32.6281, 32.7081,
        30.7287, 30.8336], device='cuda:0', grad_fn=<NegBackward>)
175 100.0 tensor([31.5248, 32.3237, 32.9763, 29.9010, 32.3643, 32.1769, 32.5607, 32.6844,
        30.5909, 31.2817], device='cuda:0', grad_fn=<NegBackward>)
176 100.0 tensor([31.1130, 32.4707, 33.0773, 30.0763, 32.3505, 32.3417, 32.6186, 32.8435,
        30.9958, 31.1867], device='cuda:0', grad_fn=<NegBackward>)
177 100.0 tensor([31.1126, 32.2010, 32.6928, 30.2833, 32.6273, 32.3933, 32.4113, 32.5753,
        30.8620, 31.0389], device='cuda:0', grad_fn=<NegBackward>)
178 100.0 tensor([31.4460, 32.1924, 32.8378, 30.0782, 32.4825, 32.1404, 32.6242, 32.7758,
        31.0084, 30.8955], device='cuda:0', grad_fn=<NegBackward>)
179 100.0 tensor([31.4067, 31.2681, 32.7733, 30.0957, 32.5166, 32.2145, 32.5398, 32.7087,
        30.9983, 31.0164], device='cuda:0', grad_fn=<NegBackward>)
180 100.0 tensor([31.7321, 32.0161, 33.0603, 29.8469, 32.3661, 32.0926, 32.4520, 32.7672,
        30.8484, 31.0032], device='cuda:0', grad_fn=<NegBackward>)
181 100.0 tensor([31.8114, 32.1154, 32.9072, 29.8837, 32.3248, 32.3832, 32.4115, 32.5718,
        30.3586, 31.2456], device='cuda:0', grad_fn=<NegBackward>)
182 100.0 tensor([31.6941, 32.3384, 33.2377, 29.8047, 32.4022, 32.4252, 32.3249, 32.7101,
        30.7948, 31.1083], device='cuda:0', grad_fn=<NegBackward>)
183 100.0 tensor([31.4720, 32.2171, 33.0791, 30.0520, 32.3463, 32.2728, 32.7402, 32.4307,
        31.1504, 31.0574], device='cuda:0', grad_fn=<NegBackward>)
184 100.0 tensor([31.6516, 32.2891, 32.9649, 30.1823, 32.2806, 32.2732, 32.7688, 32.3639,
        31.1586, 30.8328], device='cuda:0', grad_fn=<NegBackward>)
185 100.0 tensor([31.5873, 32.1562, 33.3750, 30.2911, 32.1719, 32.3211, 32.7205, 32.2883,
        30.9374, 31.2715], device='cuda:0', grad_fn=<NegBackward>)
186 100.0 tensor([31.5958, 32.4614, 33.2238, 30.2366, 32.4704, 32.3585, 32.4211, 32.1840,
        30.6752, 31.0613], device='cuda:0', grad_fn=<NegBackward>)
187 100.0 tensor([31.4797, 32.4041, 33.0781, 30.2102, 32.4810, 32.0688, 32.7715, 32.4019,
        30.7211, 30.4892], device='cuda:0', grad_fn=<NegBackward>)
188 100.0 tensor([31.0818, 32.4276, 32.8203, 30.2572, 32.3960, 32.2298, 33.0098, 32.0950,
        30.9790, 31.0144], device='cuda:0', grad_fn=<NegBackward>)
189 100.0 tensor([31.6612, 32.2920, 33.1525, 30.2649, 32.3061, 32.1942, 32.9148, 32.2472,
        31.2241, 30.3583], device='cuda:0', grad_fn=<NegBackward>)
190 100.0 tensor([31.3899, 32.4488, 33.1045, 29.9185, 32.2656, 32.4779, 32.8154, 32.4155,
        31.2234, 31.1562], device='cuda:0', grad_fn=<NegBackward>)
191 100.0 tensor([31.6363, 31.8548, 32.9649, 29.8939, 32.1848, 32.3469, 32.5786, 32.6587,
        31.1748, 31.2781], device='cuda:0', grad_fn=<NegBackward>)
192 100.0 tensor([31.4401, 32.3032, 32.6500, 29.8752, 32.3313, 32.4103, 32.4532, 32.6344,
        30.9759, 31.4662], device='cuda:0', grad_fn=<NegBackward>)
193 100.0 tensor([31.7726, 32.1372, 33.0257, 29.9218, 32.4163, 32.1124, 32.6647, 33.0223,
        30.7976, 31.3281], device='cuda:0', grad_fn=<NegBackward>)
194 100.0 tensor([31.8749, 32.3841, 33.0769, 30.0213, 32.4605, 32.3440, 32.1811, 33.0192,
        31.0469, 31.3617], device='cuda:0', grad_fn=<NegBackward>)
195 100.0 tensor([31.8061, 32.3385, 32.8430, 29.8476, 32.0914, 32.5022, 32.3584, 32.9876,
        31.0823, 31.2319], device='cuda:0', grad_fn=<NegBackward>)
196 100.0 tensor([31.4764, 32.0618, 32.9313, 30.0998, 32.5220, 32.3105, 32.5462, 32.8080,
        30.7439, 31.4474], device='cuda:0', grad_fn=<NegBackward>)
197 100.0 tensor([31.7597, 31.7693, 32.5289, 29.7846, 32.3107, 31.9366, 32.5552, 32.7852,
        30.9688, 31.2948], device='cuda:0', grad_fn=<NegBackward>)
198 100.0 tensor([31.8846, 31.8898, 32.9151, 30.0417, 32.5406, 32.4533, 32.5987, 32.7306,
        31.1734, 31.4971], device='cuda:0', grad_fn=<NegBackward>)
199 100.0 tensor([31.7919, 31.9999, 32.2163, 29.9445, 32.4994, 32.6790, 32.5663, 32.9067,
        31.0247, 31.3069], device='cuda:0', grad_fn=<NegBackward>)
